   0.00000    0.00000    0.00000
   0.01884    0.02513    0.00000
   0.03769    0.05025    0.00000
   0.05653    0.07538    0.00000
   0.07538    0.10050    0.00000
   0.09422    0.12563    0.00000
   0.11307    0.15075    0.00000
   0.13191    0.17588    0.00000
   0.15075    0.20101    0.00000
   0.16960    0.22613    0.00000
   0.18844    0.25126    0.00000
   0.20729    0.27638    0.00000
   0.22613    0.30151    0.00000
   0.24497    0.32663    0.00000
   0.26382    0.35176    0.00000
   0.28266    0.37688    0.00000
   0.30151    0.40201    0.00000
   0.32035    0.42714    0.00000
   0.33920    0.45226    0.00000
   0.35804    0.47739    0.00000
   0.37688    0.50251    0.00000
   0.39573    0.52764    0.00000
   0.41457    0.55276    0.00000
   0.43342    0.57789    0.00000
   0.45226    0.60302    0.00000
   0.47111    0.62814    0.00000
   0.48995    0.65327    0.00000
   0.50879    0.67839    0.00000
   0.52764    0.70352    0.00000
   0.54648    0.72864    0.00000
   0.56533    0.75377    0.00000
   0.58417    0.77889    0.00000
   0.60302    0.80402    0.00000
   0.62186    0.82915    0.00000
   0.64070    0.85427    0.00000
   0.65955    0.87940    0.00000
   0.67839    0.90452    0.00000
   0.69724    0.92965    0.00000
   0.71608    0.95477    0.00000
   0.73492    0.97990    0.00000
   0.75377    1.00503    0.00000
   0.77261    1.03015    0.00000
   0.79146    1.05528    0.00000
   0.81030    1.08040    0.00000
   0.82915    1.10553    0.00000
   0.84799    1.13065    0.00000
   0.86683    1.15578    0.00000
   0.88568    1.18090    0.00000
   0.90452    1.20603    0.00000
   0.92337    1.23116    0.00000
   0.94221    1.25628    0.00000
   0.96106    1.28141    0.00000
   0.97990    1.30653    0.00000
   0.99874    1.33166    0.00000
   1.01759    1.35678    0.00000
   1.03643    1.38191    0.00000
   1.05528    1.40704    0.00000
   1.07412    1.43216    0.00000
   1.09296    1.45729    0.00000
   1.11181    1.48241    0.00000
   1.13065    1.50754    0.00000
   1.14950    1.53266    0.00000
   1.16834    1.55779    0.00000
   1.18719    1.58291    0.00000
   1.20603    1.60804    0.00000
   1.22487    1.63317    0.00000
   1.24372    1.65829    0.00000
   1.26256    1.68342    0.00000
   1.28141    1.70854    0.00000
   1.30025    1.73367    0.00000
   1.31910    1.75879    0.00000
   1.33794    1.78392    0.00000
   1.35678    1.80905    0.00000
   1.37563    1.83417    0.00000
   1.39447    1.85930    0.00000
   1.41332    1.88442    0.00000
   1.43216    1.90955    0.00000
   1.45101    1.93467    0.00000
   1.46985    1.95980    0.00000
   1.48869    1.98492    0.00000
   1.50754    2.01005    0.00000
   1.52638    2.03518    0.00000
   1.54523    2.06030    0.00000
   1.56407    2.08543    0.00000
   1.58291    2.11055    0.00000
   1.60176    2.13568    0.00000
   1.62060    2.16080    0.00000
   1.63945    2.18593    0.00000
   1.65829    2.21106    0.00000
   1.67714    2.23618    0.00000
   1.69598    2.26131    0.00000
   1.71482    2.28643    0.00000
   1.73367    2.31156    0.00000
   1.75251    2.33668    0.00000
   1.77136    2.36181    0.00000
   1.79020    2.38693    0.00000
   1.80905    2.41206    0.00000
   1.82789    2.43719    0.00000
   1.84673    2.46231    0.00000
   1.86558    2.48744    0.00000
   1.88442    2.51256    0.00000
   1.90327    2.53769    0.00000
   1.92211    2.56281    0.00000
   1.94095    2.58794    0.00000
   1.95980    2.61307    0.00000
   1.97864    2.63819    0.00000
   1.99749    2.66332    0.00000
   2.01633    2.68844    0.00000
   2.03518    2.71357    0.00000
   2.05402    2.73869    0.00000
   2.07286    2.76382    0.00000
   2.09171    2.78894    0.00000
   2.11055    2.81407    0.00000
   2.12940    2.83920    0.00000
   2.14824    2.86432    0.00000
   2.16709    2.88945    0.00000
   2.18593    2.91457    0.00000
   2.20477    2.93970    0.00000
   2.22362    2.96482    0.00000
   2.24246    2.98995    0.00000
   2.26131    3.01508    0.00000
   2.28015    3.04020    0.00000
   2.29899    3.06533    0.00000
   2.31784    3.09045    0.00000
   2.33668    3.11558    0.00000
   2.35553    3.14070    0.00000
   2.37437    3.16583    0.00000
   2.39322    3.19095    0.00000
   2.41206    3.21608    0.00000
   2.43090    3.24121    0.00000
   2.44975    3.26633    0.00000
   2.46859    3.29146    0.00000
   2.48744    3.31658    0.00000
   2.50628    3.34171    0.00000
   2.52513    3.36683    0.00000
   2.54397    3.39196    0.00000
   2.56281    3.41709    0.00000
   2.58166    3.44221    0.00000
   2.60050    3.46734    0.00000
   2.61935    3.49246    0.00000
   2.63819    3.51759    0.00000
   2.65704    3.54271    0.00000
   2.67588    3.56784    0.00000
   2.69472    3.59296    0.00000
   2.71357    3.61809    0.00000
   2.73241    3.64322    0.00000
   2.75126    3.66834    0.00000
   2.77010    3.69347    0.00000
   2.78894    3.71859    0.00000
   2.80779    3.74372    0.00000
   2.82663    3.76884    0.00000
   2.84548    3.79397    0.00000
   2.86432    3.81910    0.00000
   2.88317    3.84422    0.00000
   2.90201    3.86935    0.00000
   2.92085    3.89447    0.00000
   2.93970    3.91960    0.00000
   2.95854    3.94472    0.00000
   2.97739    3.96985    0.00000
   2.99623    3.99497    0.00000
   3.01508    4.02010    0.00000
   3.03392    4.04523    0.00000
   3.05276    4.07035    0.00000
   3.07161    4.09548    0.00000
   3.09045    4.12060    0.00000
   3.10930    4.14573    0.00000
   3.12814    4.17085    0.00000
   3.14698    4.19598    0.00000
   3.16583    4.22111    0.00000
   3.18467    4.24623    0.00000
   3.20352    4.27136    0.00000
   3.22236    4.29648    0.00000
   3.24121    4.32161    0.00000
   3.26005    4.34673    0.00000
   3.27889    4.37186    0.00000
   3.29774    4.39698    0.00000
   3.31658    4.42211    0.00000
   3.33543    4.44724    0.00000
   3.35427    4.47236    0.00000
   3.37312    4.49749    0.00000
   3.39196    4.52261    0.00000
   3.41080    4.54774    0.00000
   3.42965    4.57286    0.00000
   3.44849    4.59799    0.00000
   3.46734    4.62312    0.00000
   3.48618    4.64824    0.00000
   3.50503    4.67337    0.00000
   3.52387    4.69849    0.00000
   3.54271    4.72362    0.00000
   3.56156    4.74874    0.00000
   3.58040    4.77387    0.00000
   3.59925    4.79899    0.00000
   3.61809    4.82412    0.00000
   3.63693    4.84925    0.00000
   3.65578    4.87437    0.00000
   3.67462    4.89950    0.00000
   3.69347    4.92462    0.00000
   3.71231    4.94975    0.00000
   3.73116    4.97487    0.00000
   3.75000    5.00000    0.00000
